50
10
5,2,3,3,3,4,2,2,2,4,2,4,2,5,2,5,1,1,1,5,2,1,2,2,4,5,5,5,3,5,5,5,3,3,5,5,1,4,2,2,1,2,5,2,2,1,3,1,5,2,
29,0
40,0
47,0
5,29
5,30
5,40
28,12
28,40
49,47
3,28
3,49
13,49
16,28
16,32
16,49
25,5
25,49
42,5
42,28
9,13
9,16
15,3
19,3
19,16
23,16
24,3
24,13
31,3
31,13
31,16
34,3
34,13
34,25
2,15
2,24
2,31
2,34
6,9
6,34
10,15
10,24
17,19
17,24
17,31
17,34
20,1
20,9
20,15
22,1
22,9
22,19
22,34
35,19
35,31
35,34
36,1
36,15
36,23
36,24
36,31
8,35
8,36
11,2
11,17
11,20
14,20
14,35
21,10
21,35
48,2
48,20
48,36
4,11
4,14
18,8
18,14
41,8
7,44
27,4
27,18
39,4
39,18
39,45
43,18
43,41
46,4
46,44
33,7
33,27
37,7
37,39
38,39
