50
10
5,5,2,1,5,2,2,2,1,1,3,5,5,4,3,4,3,2,5,5,4,2,3,2,2,1,2,5,5,5,3,1,5,3,2,4,4,2,4,1,4,1,5,4,5,3,2,1,4,4,
2,22
5,0
10,22
12,22
16,0
16,18
35,0
20,10
20,16
20,35
26,16
34,3
34,35
43,2
43,10
43,16
46,10
46,16
14,34
21,34
21,43
42,43
42,46
44,46
39,14
49,21
49,44
6,31
6,39
6,49
9,47
9,49
27,31
28,31
28,39
30,39
30,49
36,31
36,49
40,47
4,6
4,9
4,27
4,36
4,40
13,36
38,28
38,30
38,36
41,6
41,11
41,27
45,9
45,28
25,8
25,38
29,38
32,4
32,13
32,38
32,45
37,41
1,25
1,29
17,29
17,37
48,25
7,33
15,33
15,48
19,1
24,17
24,33
24,48
