50
10
5,4,5,3,1,5,2,5,5,4,1,5,4,5,2,5,4,1,3,5,5,5,5,3,2,5,2,1,1,5,3,5,5,4,5,3,3,2,2,1,2,4,1,4,2,5,3,2,4,1,
20,40
22,18
22,24
22,41
25,18
25,41
42,18
48,18
0,20
0,42
0,48
11,20
11,25
11,28
11,36
11,42
15,20
16,22
16,36
16,48
29,20
29,22
29,25
29,36
29,42
29,48
31,28
31,36
31,42
35,20
35,22
35,28
35,36
35,48
44,25
44,42
17,0
17,16
17,44
19,11
19,44
27,0
30,15
30,16
30,31
30,35
39,29
39,35
5,27
9,5
10,9
33,9
33,32
33,38
43,32
47,9
47,14
49,14
49,38
1,33
1,49
2,13
2,47
2,49
3,10
3,13
4,13
4,43
4,47
8,13
8,49
12,10
12,33
21,13
26,47
6,3
6,12
23,1
23,2
23,4
23,8
46,21
7,6
37,6
