50
10
2,4,5,3,3,4,5,3,1,3,1,4,1,1,5,2,2,1,3,3,4,1,3,3,3,5,1,1,1,5,1,1,3,1,5,4,2,4,5,2,3,5,5,5,3,1,3,3,3,5,
5,10
2,5
2,8
18,5
29,6
29,8
40,8
13,2
21,16
21,18
21,29
24,40
24,46
26,18
26,29
26,40
33,16
33,18
36,16
36,29
1,21
1,26
1,33
9,24
12,24
12,36
14,13
14,21
32,4
32,24
32,33
3,1
3,14
42,1
42,47
44,1
44,9
0,3
0,44
28,42
37,44
38,3
38,42
15,28
15,37
22,28
22,37
30,31
30,38
48,28
48,38
49,31
20,22
20,30
23,30
25,22
35,48
43,15
43,22
11,23
19,25
19,35
19,43
27,20
27,23
27,25
41,23
41,25
41,43
45,35
