50
10
4,2,4,2,5,3,3,1,2,1,5,5,3,2,3,4,5,5,1,2,4,2,3,2,1,5,3,2,2,3,3,3,3,3,3,3,2,1,3,2,1,1,1,5,5,5,2,3,3,4,
3,16
33,19
6,3
9,3
35,3
35,21
35,33
40,3
40,21
4,9
4,35
4,40
11,9
11,29
12,6
14,6
14,29
15,2
15,9
15,40
25,29
25,40
47,6
47,9
8,12
8,14
8,25
8,47
18,14
22,4
22,12
22,14
22,25
27,25
27,47
42,12
42,14
42,15
42,25
45,25
10,18
10,27
10,42
20,18
24,18
24,42
1,10
1,20
13,10
13,24
23,20
23,49
31,20
32,24
32,34
43,10
43,20
46,31
48,1
48,13
0,46
7,46
36,46
38,46
39,48
41,46
41,48
30,28
30,39
37,5
37,39
