50
10
3,5,5,3,5,5,2,4,3,1,3,4,3,3,4,1,5,3,2,2,1,5,2,1,5,5,5,3,5,5,3,1,1,4,5,2,1,1,2,5,4,5,5,4,4,5,5,5,1,4,
5,11
5,35
7,29
7,44
28,11
30,11
30,29
33,27
33,29
33,35
45,44
46,44
48,11
49,27
8,33
8,45
8,46
8,48
8,49
12,30
12,49
23,7
23,30
23,33
37,7
37,46
40,5
40,7
40,28
40,30
40,45
40,46
42,5
42,49
43,7
43,28
43,46
43,48
2,23
2,40
2,42
10,12
10,23
10,42
10,43
34,23
36,8
36,12
36,43
0,10
0,34
0,36
25,17
25,34
6,25
14,3
31,3
31,6
31,26
32,3
15,9
21,9
21,31
21,32
22,9
22,31
22,32
24,14
24,31
4,15
4,21
13,4
18,47
19,4
19,47
