50
10
3,5,2,1,5,4,4,1,2,5,1,2,1,5,2,4,4,2,5,4,2,1,2,2,1,1,4,5,1,5,5,4,5,2,2,1,1,3,5,4,4,1,2,3,4,1,4,1,1,4,
26,4
26,18
26,37
27,37
39,11
39,37
40,11
46,11
46,33
22,26
22,27
22,39
32,26
32,40
41,39
41,49
0,22
1,16
1,22
1,32
3,32
14,16
17,16
17,22
17,32
21,16
8,0
8,3
8,14
8,17
15,0
15,14
31,0
31,21
36,1
36,3
36,21
5,8
10,8
10,36
13,8
23,15
28,31
28,36
9,5
9,10
9,44
19,13
19,23
20,10
20,13
20,23
38,10
38,28
7,9
7,38
24,9
24,20
25,19
25,20
29,20
43,19
6,45
12,25
12,29
12,43
12,45
34,7
34,24
2,6
2,12
35,6
35,12
35,34
42,12
47,12
47,34
