50
10
5,1,4,3,2,1,4,2,2,1,3,4,1,2,2,4,3,4,2,2,5,4,4,2,3,5,1,2,2,3,1,4,5,5,1,3,2,1,4,1,3,2,4,3,2,1,4,1,5,2,
5,3
5,39
5,40
17,3
19,3
22,39
30,39
37,3
15,11
15,17
25,19
25,30
26,5
26,19
42,11
42,16
42,22
6,25
6,26
6,42
13,25
28,15
4,2
4,6
12,6
12,13
12,29
32,2
32,28
32,29
35,6
35,29
45,28
45,29
7,4
7,32
27,45
31,4
31,12
31,32
31,35
31,45
38,35
38,45
10,38
33,38
43,31
47,7
47,27
47,38
1,21
1,33
1,43
1,47
14,21
14,33
34,33
49,21
49,43
0,34
9,49
18,14
24,14
24,34
48,14
8,20
23,9
23,18
23,24
36,18
36,20
41,24
44,24
