50
10
4,2,4,3,4,4,4,4,1,5,2,5,2,3,1,4,1,1,4,4,1,1,1,1,4,1,4,2,4,2,1,3,1,5,4,3,3,1,2,2,3,5,3,1,3,3,3,3,5,4,
0,14
0,15
0,38
28,16
28,37
28,45
30,38
30,42
36,15
36,16
36,37
36,42
46,37
11,39
11,46
24,39
34,30
47,0
47,28
47,30
3,24
8,5
8,11
8,24
8,32
8,34
8,47
26,5
27,5
27,11
27,32
27,34
35,5
35,11
35,32
44,5
44,11
13,44
19,26
19,35
19,44
20,8
20,27
21,8
41,35
41,44
43,3
43,8
43,26
43,44
48,8
48,26
17,48
18,4
18,20
18,41
18,43
40,19
40,20
49,13
49,41
6,49
7,17
7,18
7,49
22,18
29,40
31,17
31,40
31,49
9,31
1,9
1,25
