50
10
2,3,1,3,2,3,1,5,5,5,5,2,5,3,5,2,4,5,5,4,3,1,3,4,3,4,5,4,2,1,4,2,4,4,4,1,4,5,5,4,4,3,2,4,2,5,1,2,2,1,
42,19
5,34
5,42
10,42
23,34
28,34
28,42
7,23
7,28
14,5
35,28
38,5
40,10
46,23
49,5
4,7
4,35
4,38
4,46
9,7
9,38
9,49
18,6
18,9
18,48
27,4
27,6
30,9
30,24
30,32
39,24
43,6
43,48
8,17
8,18
8,30
21,30
21,43
29,17
29,27
29,43
41,17
20,21
20,41
22,8
26,29
0,11
0,15
0,37
1,20
1,22
1,31
3,26
3,36
13,11
13,37
25,15
25,20
25,26
25,31
25,37
33,20
33,22
33,26
45,37
12,0
12,3
12,33
16,0
44,0
44,1
44,25
44,45
