50
10
2,1,3,4,1,3,3,4,5,1,2,4,5,2,3,4,1,4,1,3,2,5,5,1,3,2,3,4,3,5,3,1,3,4,3,2,4,2,3,1,3,1,2,3,1,4,5,3,3,3,
19,1
33,6
33,10
36,1
36,10
5,16
5,33
5,36
9,16
9,36
14,16
18,16
18,33
28,19
28,33
47,19
47,36
17,5
17,14
17,18
17,28
27,14
4,17
4,27
22,17
22,27
22,46
43,46
13,4
13,43
34,43
38,22
38,43
41,4
41,22
24,23
42,34
42,41
44,13
44,38
44,41
12,44
20,24
21,44
0,12
0,20
0,21
0,35
2,20
2,35
3,20
25,21
25,35
7,3
15,0
15,8
26,0
26,2
26,8
26,49
29,25
29,49
30,3
31,2
31,49
32,0
32,49
37,0
37,3
37,49
39,2
39,25
39,49
40,3
40,8
40,49
48,0
48,3
48,8
48,49
