50
10
4,5,3,3,5,1,4,5,2,1,1,3,3,3,4,1,3,5,3,3,1,1,1,3,4,3,5,1,2,3,4,2,1,4,4,1,4,1,2,5,4,3,4,5,2,5,4,1,2,4,
9,47
21,20
31,47
5,9
6,14
6,21
6,31
13,7
19,7
19,31
27,7
27,9
27,21
27,31
32,7
32,9
15,5
15,19
28,5
28,6
28,32
29,5
29,6
34,5
34,13
37,5
37,19
39,19
39,27
0,28
0,37
0,39
12,28
12,34
12,37
33,28
33,29
42,29
42,34
3,12
8,12
8,33
10,33
18,12
18,42
25,33
25,42
36,0
43,33
11,18
11,36
11,43
23,3
23,22
23,36
24,8
24,18
26,4
26,22
26,25
30,8
30,25
30,43
45,8
45,36
46,4
46,8
46,25
46,43
49,4
49,8
49,10
49,36
41,11
41,24
44,41
48,41
2,1
2,40
2,44
16,44
17,48
35,44
38,44
38,48
