50
10
1,3,4,4,2,2,2,3,4,3,5,1,1,4,4,5,1,1,2,2,4,2,3,4,5,3,2,2,3,5,4,3,2,3,2,4,5,3,3,5,4,2,3,1,4,2,4,5,3,1,
0,20
0,46
24,20
36,46
39,20
39,37
39,46
12,6
12,24
16,24
17,15
23,15
49,6
49,39
8,12
8,49
18,16
19,16
19,23
25,12
25,23
32,12
38,16
48,12
48,16
48,17
48,49
5,38
13,8
13,48
21,8
21,48
22,25
29,18
29,25
29,38
29,48
45,18
45,32
45,38
45,48
3,13
3,21
3,22
3,45
7,22
10,13
10,21
31,5
31,13
31,45
34,13
34,22
34,45
9,3
11,7
11,31
30,31
42,10
42,34
27,9
27,30
41,11
41,30
41,40
44,9
1,44
26,27
26,41
28,44
35,27
47,27
2,1
2,14
2,35
43,35
43,47
