50
10
2,1,3,1,4,4,1,1,4,5,2,4,1,2,2,3,1,1,3,4,2,2,2,3,1,2,2,4,3,5,5,2,2,2,5,2,5,2,1,3,4,2,4,1,1,1,3,2,5,1,
35,17
35,33
35,34
35,49
41,33
41,34
41,47
11,35
11,41
31,11
42,11
0,20
0,31
9,3
9,20
9,42
39,20
1,0
27,9
28,0
28,9
37,9
37,39
7,1
7,21
7,22
7,28
7,37
13,1
13,22
14,22
14,37
16,21
16,22
16,24
16,37
26,28
30,27
30,37
36,1
36,22
36,28
38,1
38,24
40,21
40,27
48,1
48,27
10,30
10,40
12,7
12,26
12,38
15,48
18,16
18,30
18,38
18,40
19,14
19,16
19,36
43,16
43,48
46,26
46,36
46,40
5,12
5,15
5,18
5,43
8,15
8,18
32,10
32,15
32,18
32,19
45,10
45,18
45,46
4,32
4,45
6,5
6,8
25,45
