50
10
3,5,1,4,5,1,5,2,5,5,1,4,4,3,5,3,4,5,4,1,2,1,3,3,5,2,2,1,3,4,1,3,1,5,2,5,3,3,5,5,2,1,4,4,2,4,5,3,2,3,
7,33
19,22
19,41
29,22
44,22
12,29
13,19
14,7
42,7
42,29
42,38
49,3
49,29
30,12
30,13
26,2
31,30
34,2
40,2
0,16
0,26
0,34
0,46
1,8
1,40
4,8
4,26
4,31
4,46
20,16
20,46
25,31
25,34
25,46
27,8
27,34
27,40
37,8
37,26
37,31
37,40
37,46
43,8
43,26
43,31
43,46
9,0
9,27
11,0
11,4
11,37
47,37
17,47
18,11
32,11
36,9
36,11
36,47
5,17
5,18
5,36
21,32
23,17
28,36
6,28
10,5
10,21
15,23
35,28
45,23
48,21
48,28
