50
10
2,4,5,4,3,4,2,2,2,3,1,2,3,3,2,4,3,5,1,4,5,2,5,5,3,3,1,4,1,2,5,4,5,2,3,4,4,3,5,1,5,5,1,4,1,4,3,2,2,5,
5,9
26,9
29,9
29,10
29,22
29,33
41,9
41,22
41,25
41,33
16,26
23,4
23,26
8,16
44,16
19,8
2,47
36,47
15,2
15,12
15,36
18,36
20,2
20,36
32,12
49,13
49,36
1,20
1,37
1,39
17,37
17,39
21,20
21,32
21,37
21,49
30,37
40,15
40,32
40,37
0,21
0,27
3,21
3,24
3,40
34,1
34,24
34,30
45,24
45,40
46,21
46,27
46,28
48,30
6,31
6,34
6,45
6,46
7,31
7,34
7,45
11,0
11,3
11,45
14,31
14,34
14,45
14,46
35,3
35,31
35,48
38,34
42,3
42,34
42,45
42,46
