50
10
1,3,4,4,1,2,5,4,2,3,3,3,1,3,5,3,3,2,5,4,4,4,5,2,3,3,2,1,5,5,5,3,3,5,4,5,1,1,3,2,2,1,1,3,3,2,3,1,4,5,
1,40
1,45
8,45
8,49
26,45
26,49
31,28
31,45
44,28
44,40
44,45
47,37
21,8
22,26
22,48
29,8
29,26
36,26
36,44
41,26
41,31
43,44
43,47
43,48
15,29
15,36
34,2
34,11
34,22
34,36
34,43
6,15
6,34
14,15
16,15
7,3
7,10
7,19
7,35
9,6
9,19
18,3
18,14
18,35
20,3
20,16
20,35
12,9
24,7
24,18
25,18
42,20
0,24
13,25
13,30
23,24
23,25
23,30
23,33
39,12
39,25
39,30
4,13
4,27
5,27
5,39
17,23
38,13
38,23
46,0
