50
10
3,3,3,1,1,4,5,1,2,3,1,3,5,4,3,5,3,4,1,5,3,3,2,1,3,2,2,2,5,5,1,4,2,4,3,3,1,3,2,5,1,3,5,5,5,4,1,2,4,1,
29,33
40,41
40,48
2,29
2,40
28,40
0,2
5,11
15,32
25,30
25,32
31,28
31,30
31,32
35,2
35,32
38,30
45,2
45,32
4,17
6,27
6,35
6,38
13,17
13,27
13,35
13,45
18,17
39,5
47,0
47,17
47,25
8,6
8,18
16,6
19,4
19,13
19,39
20,4
20,13
20,18
20,39
23,6
37,13
9,20
9,23
9,37
10,16
10,37
12,19
12,20
12,23
24,8
24,20
24,23
24,37
49,20
3,9
3,10
3,24
3,49
14,12
14,24
21,9
21,49
22,24
36,12
36,49
44,9
44,24
44,49
1,36
1,44
7,14
7,22
46,43
