50
10
1,2,1,5,4,4,2,4,4,1,2,4,3,3,5,5,4,1,2,1,3,5,3,3,2,1,5,2,3,4,5,2,3,3,2,3,5,5,4,4,2,4,4,2,4,2,5,3,2,4,
14,45
42,45
42,47
1,14
1,44
9,14
9,31
11,31
11,42
11,44
22,31
23,31
23,40
23,44
0,22
4,23
13,1
13,23
34,9
34,22
46,1
46,11
2,0
2,4
8,34
8,46
16,13
16,34
24,0
24,13
24,34
25,13
25,34
5,2
5,8
5,16
7,2
7,25
10,8
26,25
26,36
15,5
15,10
15,12
27,12
32,5
32,10
49,10
49,12
3,49
6,49
18,27
35,15
35,32
37,15
37,32
41,15
41,32
43,15
43,27
43,49
19,3
19,6
19,37
33,3
33,6
33,18
33,35
33,41
33,43
39,43
48,3
48,6
48,30
48,37
48,38
48,43
17,19
17,33
20,19
