50
10
3,2,4,3,1,3,5,5,4,1,5,4,5,1,2,1,2,1,2,1,4,5,3,4,5,4,3,3,2,3,4,3,4,3,1,4,5,4,3,1,1,2,3,4,4,1,5,4,1,4,
17,37
4,25
8,25
8,30
19,17
19,30
28,30
32,17
35,25
39,17
49,17
12,8
12,19
15,19
15,35
18,4
18,24
18,28
18,39
27,4
27,19
27,24
27,28
41,8
41,19
41,28
41,39
10,12
10,13
10,41
38,12
38,13
38,18
38,27
38,41
42,13
42,15
42,18
42,41
47,12
47,13
47,15
47,27
29,10
29,42
44,38
26,29
26,34
40,33
43,29
43,33
43,34
43,44
7,6
7,40
7,43
9,26
9,40
16,6
16,26
16,43
20,43
23,26
23,40
23,43
36,43
46,26
48,6
11,7
11,9
11,14
11,16
11,20
11,46
22,7
22,9
22,23
22,48
45,36
1,11
5,11
5,22
21,22
