50
10
1,5,4,2,3,4,2,4,3,3,4,1,3,2,1,2,5,5,4,5,1,4,1,1,2,4,5,2,4,5,3,3,4,4,1,2,4,5,2,3,1,4,5,2,3,5,5,5,2,4,
8,7
8,16
8,39
20,7
20,26
22,16
22,26
22,39
31,26
31,39
5,8
5,31
11,20
11,22
11,31
13,9
27,8
27,22
42,9
42,20
42,22
0,11
6,42
37,5
10,0
10,6
10,37
18,0
18,21
30,6
36,0
36,6
36,21
41,6
47,37
12,18
12,36
17,10
17,36
17,41
23,10
23,18
23,36
33,30
33,47
43,4
44,18
44,47
2,17
2,23
2,43
3,12
3,23
14,12
14,33
14,44
28,12
28,17
28,23
28,33
28,43
34,12
34,17
34,33
34,43
34,44
40,17
40,44
1,3
1,28
1,38
32,40
46,2
46,3
48,2
48,3
35,48
49,46
15,35
24,35
