50
10
4,3,1,3,1,4,2,2,2,1,5,3,5,2,5,2,4,3,1,4,2,2,3,3,3,5,1,2,5,2,5,1,5,4,5,1,3,2,3,4,2,2,1,1,5,1,1,3,1,3,
9,11
22,2
22,11
22,18
27,11
27,18
13,27
13,43
13,48
28,27
36,22
36,48
39,9
39,43
41,9
1,28
25,36
30,28
30,36
33,28
33,36
34,28
34,36
34,39
34,41
40,13
40,36
40,39
40,41
44,28
44,36
44,39
44,41
47,28
47,41
8,25
8,47
24,1
24,25
24,33
24,34
24,40
24,44
24,47
26,30
26,33
49,1
49,25
49,33
49,34
19,8
19,24
21,8
23,49
29,49
10,4
10,29
37,19
37,21
37,23
37,29
38,19
38,23
38,29
5,37
5,38
12,20
12,37
14,20
0,5
7,5
7,12
17,12
17,16
31,12
31,16
32,14
32,16
42,12
6,7
6,15
6,17
6,45
35,7
35,31
35,45
46,0
46,42
46,45
