50
10
5,4,5,2,3,4,4,4,1,2,1,4,1,1,2,3,2,5,5,4,1,3,1,5,4,4,4,4,2,4,2,2,3,1,4,1,3,4,4,5,1,1,4,5,5,2,2,1,2,4,
1,30
7,30
33,48
46,30
4,7
4,33
9,1
10,1
10,33
25,46
0,4
0,9
14,34
16,25
17,4
17,34
20,27
18,14
18,17
18,20
32,14
32,16
32,20
2,32
12,31
12,32
35,31
35,32
37,32
38,31
11,35
11,37
11,38
15,37
15,38
47,2
23,15
23,47
26,15
36,11
36,15
42,47
3,23
3,49
5,23
24,26
29,26
29,36
29,49
41,26
43,26
43,36
44,23
44,36
44,42
13,3
13,8
13,44
19,3
21,3
21,8
21,29
21,41
21,43
21,44
28,29
28,43
28,44
40,5
40,8
40,24
40,41
40,43
40,44
45,24
45,41
45,44
