50
10
4,1,3,5,3,4,5,1,3,3,2,5,4,3,4,3,1,2,4,1,5,3,5,5,2,1,2,3,2,2,5,2,5,3,5,1,2,1,5,3,1,5,4,3,3,5,2,4,3,3,
1,10
1,33
14,41
22,33
22,41
27,41
32,41
5,1
5,32
7,1
7,27
12,1
12,32
18,20
18,22
18,32
36,22
36,27
11,7
17,12
19,7
19,18
19,36
24,5
38,12
39,36
49,7
49,36
6,19
6,40
6,49
13,17
13,24
13,38
13,39
13,49
16,2
16,11
16,17
29,2
29,24
29,40
37,11
37,17
37,24
37,39
37,44
42,44
48,11
48,24
48,38
48,40
0,6
4,16
4,29
4,37
4,42
4,48
9,16
9,37
28,16
28,42
8,0
8,28
25,9
26,4
45,0
15,25
30,8
30,45
35,8
35,25
47,26
21,15
21,35
23,21
43,21
