50
10
2,5,4,4,2,5,1,4,3,2,5,4,2,3,4,5,5,4,1,3,1,3,2,2,2,2,1,4,2,4,4,5,3,3,4,5,2,4,5,4,4,1,3,3,4,1,2,1,5,2,
6,37
24,31
1,24
47,0
10,47
23,47
27,1
27,47
28,1
28,47
44,26
45,26
21,10
21,27
21,44
29,27
29,28
29,44
29,45
38,10
38,23
42,23
42,45
11,29
22,38
35,21
39,29
39,38
46,21
5,46
13,4
13,39
19,22
19,35
19,46
25,39
33,11
33,39
36,4
40,22
40,39
49,4
49,22
49,39
49,46
3,19
3,40
15,5
15,13
15,33
15,36
15,49
17,13
17,33
17,40
17,49
8,14
8,15
12,34
41,17
43,14
43,17
2,8
2,41
16,41
16,43
20,12
20,41
20,43
