50
10
4,4,4,3,3,5,4,3,4,2,3,5,1,4,5,3,1,4,2,2,5,1,3,5,4,3,5,2,5,3,2,3,3,4,2,4,1,5,2,4,1,4,1,5,4,4,2,4,3,2,
5,25
29,25
1,27
6,27
9,29
11,5
11,20
11,27
11,33
36,5
36,20
42,5
42,31
43,5
43,20
43,29
43,33
0,1
0,6
0,19
0,40
0,42
0,43
8,11
10,6
10,11
10,42
12,1
12,19
13,6
13,43
38,42
38,43
45,9
35,10
35,13
39,12
39,38
2,35
2,39
3,35
22,35
28,35
34,35
34,39
34,48
44,35
17,22
30,2
30,4
30,44
37,28
37,34
18,30
18,37
26,17
26,30
47,37
7,18
14,18
14,47
15,18
15,47
21,18
21,47
32,26
16,7
16,15
16,23
16,46
41,7
41,21
41,23
