50
10
1,5,4,4,1,5,4,3,3,1,3,5,4,3,5,4,1,1,4,3,3,2,4,3,2,2,3,5,5,1,3,2,2,1,5,1,4,2,3,4,3,3,1,1,5,4,3,2,2,5,
9,23
18,7
34,7
35,23
35,48
17,34
44,9
1,12
30,44
0,37
4,1
4,30
13,37
33,30
46,1
46,30
25,4
25,13
25,19
29,33
29,46
43,4
43,27
49,0
2,25
45,25
45,29
10,40
31,40
32,2
32,15
39,40
39,45
41,2
41,15
42,15
47,40
3,32
3,39
3,41
3,47
11,10
11,39
20,32
20,42
20,47
21,10
21,32
21,41
21,42
21,47
22,32
22,39
22,41
22,42
22,47
26,10
28,31
28,42
36,31
36,32
36,41
38,31
5,21
5,26
5,28
5,38
6,3
6,20
6,21
6,22
6,26
8,22
8,26
8,28
8,36
16,3
16,28
16,36
24,11
24,22
