50
10
4,1,5,3,4,4,1,5,3,4,4,5,3,5,2,1,4,2,2,5,3,4,3,5,1,4,1,4,5,1,5,2,5,5,2,4,5,3,2,3,3,2,5,4,4,5,1,1,5,5,
22,23
36,18
48,18
48,23
15,21
15,22
16,4
16,21
25,22
25,36
31,4
31,22
32,36
32,48
38,4
38,21
38,36
39,4
39,36
39,48
44,4
5,15
5,25
5,31
5,32
5,44
6,16
6,20
6,32
6,38
34,11
34,24
34,31
34,39
8,5
9,35
13,35
37,8
0,9
0,27
0,28
0,37
12,28
14,13
14,27
45,9
45,28
2,0
2,41
2,45
10,0
10,1
30,1
30,45
47,0
47,1
47,14
47,41
7,47
29,2
29,10
29,47
33,30
33,47
40,2
40,30
3,7
3,33
17,33
26,29
42,29
43,29
46,33
46,40
49,7
