50
10
4,1,1,5,5,2,2,4,2,3,1,3,5,1,3,1,2,1,3,2,3,2,4,5,3,2,4,1,3,5,2,1,5,2,2,5,2,5,3,5,2,3,3,1,1,1,5,3,4,2,
14,8
14,27
36,8
36,16
36,46
44,8
47,27
17,36
17,44
17,47
25,35
25,36
25,44
25,47
32,35
7,25
12,32
31,32
40,17
49,25
49,32
0,1
0,40
0,49
5,19
5,40
20,7
20,49
24,1
24,31
24,49
43,7
43,40
9,5
9,20
21,0
26,0
26,5
26,24
26,43
42,24
48,20
2,9
2,10
2,48
6,9
6,48
13,10
13,48
15,9
15,10
18,41
18,48
30,9
30,26
30,42
30,48
45,10
45,42
45,48
22,2
22,13
22,15
23,6
23,13
4,29
28,22
34,22
34,29
11,4
11,33
11,34
37,33
39,4
