50
10
3,2,4,4,2,3,1,5,1,2,1,2,5,4,5,2,1,5,5,1,4,1,1,2,5,2,4,1,5,4,1,1,4,5,4,4,2,1,2,3,4,5,1,2,5,5,4,4,3,1,
10,1
21,7
21,13
21,19
38,1
48,25
4,10
4,38
12,38
20,21
20,38
20,48
22,21
22,38
26,21
33,21
40,4
40,12
40,22
42,12
42,20
42,22
42,33
8,40
2,47
11,47
17,8
30,47
39,8
0,11
0,17
15,30
15,39
16,2
16,30
36,2
36,11
36,30
36,39
5,15
5,36
28,0
28,16
29,16
29,36
29,44
45,0
49,16
18,49
23,5
23,28
23,29
23,34
23,45
31,28
31,29
35,5
35,49
37,28
37,29
37,45
41,5
41,28
41,34
3,31
3,35
6,31
9,41
27,32
27,37
