50
10
5,4,3,1,5,3,4,4,1,3,4,1,4,3,1,3,1,2,2,3,1,2,3,5,2,3,4,4,3,5,4,3,2,4,3,3,4,1,2,4,3,2,4,2,2,4,4,3,3,4,
7,22
7,45
12,37
12,39
14,37
29,2
29,21
29,22
29,39
34,16
34,22
34,37
42,2
42,21
42,22
0,12
0,29
9,29
9,34
9,42
18,14
18,42
23,12
23,29
46,7
46,14
49,7
49,34
24,0
24,9
24,23
24,49
43,18
43,46
20,24
35,43
47,43
13,32
15,35
17,35
17,47
25,35
25,47
40,47
3,13
3,25
3,40
8,17
8,25
26,25
26,40
31,13
31,15
41,15
41,25
48,13
48,15
48,40
48,44
10,26
10,31
33,19
33,26
33,31
33,48
5,33
6,33
27,33
1,5
1,27
30,6
36,4
36,5
36,6
