50
10
4,5,2,4,1,1,5,2,1,4,4,1,3,5,4,5,4,3,1,3,1,5,3,5,2,2,4,1,3,1,2,2,1,1,4,5,3,1,4,3,5,5,5,3,4,3,2,1,4,3,
0,10
0,27
0,31
3,31
18,27
34,31
5,3
5,18
15,3
15,18
24,18
24,34
36,18
36,34
39,3
39,18
39,46
41,0
41,34
41,46
47,0
47,3
47,16
47,18
8,5
8,39
14,15
14,36
14,41
19,15
19,24
28,15
28,47
29,15
37,5
37,47
11,14
12,29
21,8
21,14
21,37
22,14
22,19
40,29
40,37
1,12
1,40
6,12
9,11
13,21
30,11
42,26
45,6
45,9
45,30
4,42
4,45
20,42
20,45
32,45
17,4
17,35
17,48
49,35
2,44
38,23
43,7
43,23
43,33
43,44
43,49
