50
10
5,4,4,3,3,4,2,3,2,1,5,4,1,1,2,1,5,4,1,2,5,3,1,2,2,1,1,2,4,5,1,4,1,5,2,5,4,4,2,4,2,4,2,5,5,2,3,3,3,5,
6,4
6,31
6,46
7,22
7,35
13,20
13,22
15,12
15,31
40,12
40,20
40,31
40,33
43,33
43,35
1,7
1,13
1,43
16,6
16,15
16,40
5,16
19,16
48,1
10,3
10,48
17,5
17,19
17,48
18,3
18,5
42,3
42,48
44,5
44,19
11,42
11,44
25,10
30,17
30,28
34,17
38,18
8,11
8,32
14,32
14,34
24,11
24,34
24,38
24,39
36,30
37,25
37,30
37,34
37,38
0,37
23,14
23,24
45,8
45,14
45,36
47,37
21,47
29,23
29,47
2,29
26,29
27,21
27,29
41,29
49,29
