50
10
2,5,4,3,3,4,5,5,4,1,2,1,2,3,4,4,1,1,2,2,3,4,3,5,2,1,4,3,1,3,2,4,4,3,2,2,1,3,1,3,2,1,4,5,3,4,5,3,5,5,
6,12
20,48
40,12
40,48
7,17
7,40
10,6
10,17
10,40
13,26
21,23
21,26
39,26
47,10
32,47
33,21
33,39
33,47
36,13
36,21
36,39
42,39
1,32
1,36
4,41
11,37
24,37
24,41
30,32
30,37
34,33
34,42
43,32
43,36
3,4
3,31
3,43
14,11
14,24
14,30
19,4
19,11
19,24
19,31
19,43
35,30
35,43
46,4
46,11
46,24
46,43
2,3
2,35
9,19
9,46
25,3
25,14
25,19
49,3
49,19
15,0
15,49
16,2
16,49
18,25
29,9
44,0
44,2
44,25
5,18
5,44
28,15
28,16
28,44
38,16
38,44
45,29
