50
10
2,4,4,3,3,5,3,4,4,2,4,1,3,5,4,5,2,4,5,3,5,4,1,5,3,4,3,5,3,2,1,2,5,5,2,2,1,4,2,5,1,3,5,3,4,2,2,4,2,2,
1,30
11,30
13,30
21,39
47,39
48,30
48,38
17,35
18,5
18,11
24,1
24,21
25,13
25,35
26,5
26,21
26,47
37,5
37,11
37,21
37,35
37,48
46,5
46,11
46,13
46,21
46,35
2,17
2,18
2,46
8,18
8,25
8,37
14,24
14,25
14,46
19,24
19,37
42,18
42,24
42,46
49,18
49,24
49,25
49,46
10,19
10,42
16,2
16,8
23,8
23,19
23,42
23,49
41,49
9,10
9,45
15,10
7,9
34,9
34,12
34,15
44,12
44,15
4,29
4,44
27,44
28,7
28,29
28,34
32,34
32,36
33,36
40,44
6,27
20,28
0,6
22,6
22,20
31,20
