50
10
1,1,5,1,1,5,3,1,4,4,3,3,5,1,3,1,2,2,3,1,4,3,5,1,2,2,5,4,3,4,1,1,1,2,4,5,2,3,3,5,4,4,3,1,4,4,1,1,1,2,
17,12
28,7
31,7
31,10
31,40
32,10
32,17
20,31
21,31
39,28
39,31
4,14
4,20
4,21
18,14
33,21
37,20
37,21
8,18
15,33
16,4
16,18
16,37
16,45
19,4
19,18
19,33
19,37
24,4
35,33
35,45
36,16
36,19
36,35
38,15
38,16
42,19
44,16
47,8
47,16
48,19
48,35
13,36
22,44
22,48
25,44
30,36
30,38
34,42
43,38
43,47
43,48
3,13
3,23
3,34
11,13
11,25
11,30
11,43
26,22
26,30
26,43
27,25
27,34
27,43
41,13
41,25
41,30
41,34
49,23
0,2
1,2
1,3
1,11
1,26
1,41
1,49
6,26
6,27
6,49
29,2
46,2
46,41
