50
10
1,2,1,2,5,5,4,3,2,4,4,2,1,4,5,2,5,1,1,2,2,5,4,5,2,1,5,2,4,5,2,1,1,4,4,3,1,1,3,3,5,1,2,2,4,2,3,1,2,5,
6,10
6,11
8,10
8,11
15,11
24,11
42,11
43,11
21,43
36,6
36,8
36,15
36,35
48,8
48,24
48,35
48,43
2,21
2,48
5,48
18,21
18,48
1,5
23,2
23,14
23,18
39,5
7,1
7,23
7,44
29,39
33,39
33,44
34,23
34,39
37,23
37,44
47,23
47,44
49,1
49,23
49,44
3,7
3,33
3,49
12,7
12,37
16,7
16,37
16,49
40,7
40,33
40,37
46,29
0,12
0,16
22,20
25,3
25,12
25,40
30,40
9,0
9,22
9,30
13,22
13,25
13,30
26,25
27,25
27,30
31,0
31,22
31,30
28,26
32,13
38,9
38,13
38,26
38,27
45,31
