50
10
4,1,3,2,1,2,2,5,5,3,5,5,5,4,1,5,5,4,2,2,2,4,5,3,5,4,1,1,5,5,3,3,4,5,5,5,1,1,5,5,2,1,3,2,3,3,3,4,5,3,
30,8
30,35
30,37
30,40
38,4
38,35
38,40
38,42
46,4
46,8
46,32
46,40
3,19
3,38
3,46
9,30
9,38
27,19
27,38
47,19
47,46
1,3
11,27
23,3
23,9
44,9
44,27
45,47
0,1
0,11
0,18
0,45
2,11
10,11
10,45
15,11
15,44
25,1
25,11
25,18
36,1
36,18
36,44
36,45
48,23
48,44
48,45
12,2
12,10
12,25
12,48
17,15
17,25
17,48
28,15
28,36
28,48
33,25
33,48
16,33
22,17
22,28
39,16
24,39
41,20
5,24
5,41
6,41
6,49
21,24
43,34
