50
10
2,5,4,5,1,5,3,4,5,4,1,1,4,4,5,4,1,1,5,2,3,1,4,5,3,5,1,4,4,3,5,3,2,5,1,1,3,3,2,4,4,5,2,5,4,3,3,1,2,1,
15,44
34,17
34,32
34,44
27,42
29,15
29,34
39,15
39,34
48,42
3,27
3,46
5,1
5,19
5,27
5,39
13,29
13,46
22,1
22,27
22,29
22,48
28,39
28,46
33,1
33,19
33,39
8,33
12,5
12,28
14,3
14,13
38,3
38,13
38,28
38,33
43,33
0,8
30,8
30,14
40,8
40,38
18,40
37,0
41,0
2,18
2,37
7,41
7,49
21,37
25,37
25,41
25,49
31,37
31,49
35,41
35,49
47,41
6,2
11,25
20,25
20,31
23,7
23,31
24,25
24,47
26,47
36,7
4,6
10,6
10,11
16,11
16,24
45,36
